

msg=This year we're done talking, forget the bagga chat, it's just action
Man are trolling to get a reaction
Everyday it's another distraction
Gotta fight temptation, can't get lost in the sauce
Have I got a heart, yeah, of course
But I had to put my feelings on pause

p=  11113
q=  13879
n=  154237327
phi=  154212336
e=  5
d= 123369869

Encryption: [17711595, 136017518, 115354811, 62719365, 33554432, 25553665, 21962265, 104287272, 128717276, 33554432, 110988241, 21962265, 90224199, 128717276, 21962265, 33554432, 128811072, 38712908, 64417992, 21962265, 33554432, 27140104, 104287272, 40734703, 144157877, 115354811, 64417992, 24941218, 10678897, 33554432,
 89957815, 38712908, 128717276, 24941218, 21962265, 27140104, 33554432, 27140104, 136017518, 21962265, 33554432, 93443002, 104287272, 24941218, 24941218, 104287272, 33554432, 101423552, 136017518, 104287272, 27140104, 10678897, 33554432, 115354811, 27140104, 90224199, 62719365, 33554432, 117845654, 22779923, 62719365, 27140104, 33554432, 104287272, 101423552, 27140104, 115354811, 38712908, 64417992, 100000, 84749598, 104287272, 64417992, 33554432, 104287272, 128717276, 21962265, 33554432, 27140104, 128717276, 38712908, 40734703, 40734703, 115354811, 64417992, 24941218, 33554432, 27140104, 38712908, 33554432, 24941218, 21962265, 27140104, 33554432, 104287272, 
33554432, 128717276, 21962265, 104287272, 101423552, 27140104, 115354811, 38712908, 64417992, 100000, 21658079, 50453172, 21962265, 128717276, 25553665, 128811072, 104287272, 25553665, 33554432, 115354811, 27140104, 90224199, 
62719365, 33554432, 104287272, 64417992, 38712908, 27140104, 136017518, 21962265, 128717276, 33554432, 128811072, 115354811, 62719365, 27140104, 128717276, 104287272, 101423552, 27140104, 115354811, 38712908, 64417992, 100000, 107618754, 38712908, 27140104, 27140104, 104287272, 
33554432, 89957815, 115354811, 24941218, 136017518, 27140104, 33554432, 27140104, 21962265, 116744176, 40361554, 27140104, 104287272, 27140104, 115354811, 38712908, 64417992, 10678897, 33554432, 101423552, 104287272, 64417992, 90224199, 27140104, 33554432, 24941218, 21962265, 27140104, 33554432, 40734703, 38712908, 62719365, 27140104, 33554432, 115354811, 64417992, 33554432, 27140104, 136017518, 21962265, 33554432, 62719365, 104287272, 22779923, 101423552, 21962265, 100000, 84069708, 104287272, 50453172, 21962265, 33554432, 67986342, 33554432, 24941218, 38712908, 27140104, 33554432, 104287272, 33554432, 136017518, 21962265, 104287272, 128717276, 27140104, 10678897, 33554432, 25553665, 21962265, 104287272, 136017518, 10678897, 33554432, 38712908, 89957815, 33554432, 101423552, 38712908, 22779923, 128717276, 62719365, 21962265, 100000, 18433960, 22779923, 27140104, 33554432, 67986342, 33554432, 136017518, 104287272, 128811072, 33554432, 27140104, 38712908, 33554432, 40361554, 22779923, 27140104, 33554432, 116744176, 25553665, 33554432, 89957815, 21962265, 21962265, 40734703, 115354811, 64417992, 24941218, 62719365, 33554432, 38712908, 64417992, 33554432, 40361554, 104287272, 22779923, 62719365, 21962265]




msg=You see me, I come from the roads
You wanna try and put Skepta on hold
But no, badboy I've been one of those
Wake up call, you will get one of those
One to the eyeball, one to the nose
I don't really care about your postcode



p=  29527
q=  16871
n=  498150017
phi=  498103620
e=  11
d= 316975031



[183562493, 16667458, 38887702, 398335670, 260198561, 232272588, 232272588, 398335670, 233522763, 232272588, 103847268, 398335670, 419277859, 398335670, 437688185, 16667458, 233522763, 232272588, 398335670, 240971680, 347653291, 16667458, 233522763, 398335670, 399315544, 75952630, 232272588, 398335670, 347653291, 16667458, 128835545, 99460046, 260198561, 369996600, 183562493, 16667458, 38887702, 
398335670, 106744444, 128835545, 272597846, 272597846, 128835545, 398335670, 399315544, 347653291, 432203386, 398335670, 128835545, 272597846, 99460046, 398335670, 213560319, 38887702, 399315544, 398335670, 483953193, 368147546, 232272588, 213560319, 399315544, 128835545, 398335670, 16667458, 272597846, 398335670, 75952630, 16667458,
 154336915, 99460046, 369996600, 75184747, 38887702, 399315544, 398335670, 272597846, 16667458, 103847268, 398335670, 315579953, 128835545, 99460046, 315579953, 16667458, 432203386, 398335670, 419277859, 429507573, 367235276, 232272588, 398335670, 315579953, 232272588, 
232272588, 272597846, 398335670, 16667458, 272597846, 232272588, 398335670, 16667458, 240971680, 398335670, 399315544, 75952630, 16667458, 260198561, 232272588, 369996600, 323822084, 128835545, 368147546, 232272588, 398335670, 38887702, 213560319, 398335670, 437688185, 128835545, 154336915, 154336915,
 103847268, 398335670, 432203386, 16667458, 38887702, 398335670, 106744444, 38151752, 154336915, 154336915, 398335670, 397863383, 232272588, 399315544, 398335670, 16667458, 272597846, 232272588, 398335670, 16667458, 240971680, 398335670, 399315544, 75952630, 16667458, 260198561, 232272588, 369996600, 
 42316516, 272597846, 232272588, 398335670, 399315544, 16667458, 398335670, 399315544, 75952630, 232272588, 398335670, 232272588, 432203386, 232272588, 315579953, 128835545, 154336915, 154336915, 103847268, 398335670, 16667458, 272597846, 232272588, 398335670, 399315544, 16667458, 398335670, 399315544, 75952630, 232272588, 398335670, 
 272597846, 16667458, 260198561, 232272588, 369996600, 419277859, 398335670, 99460046, 16667458, 272597846, 429507573, 399315544, 398335670, 347653291, 232272588, 128835545, 154336915, 154336915, 432203386, 398335670, 437688185, 128835545, 347653291, 232272588, 398335670, 128835545, 315579953, 16667458, 38887702, 399315544, 398335670, 432203386, 16667458, 38887702, 347653291, 398335670, 213560319, 16667458, 260198561, 399315544, 437688185, 16667458, 99460046, 232272588]